4 1 3 3 1
0.5
0.0001
20000
200
-10
-9.9
-9.8
-9.7
-9.6
-9.5
-9.4
-9.3
-9.2
-9.1
-9
-8.9
-8.8
-8.7
-8.6
-8.5
-8.4
-8.3
-8.2
-8.1
-8
-7.9
-7.8
-7.7
-7.6
-7.5
-7.4
-7.3
-7.2
-7.1
-7
-6.9
-6.8
-6.7
-6.6
-6.5
-6.4
-6.3
-6.2
-6.1
-6
-5.9
-5.8
-5.7
-5.6
-5.5
-5.4
-5.3
-5.2
-5.1
-5
-4.9
-4.8
-4.7
-4.6
-4.5
-4.4
-4.3
-4.2
-4.1
-4
-3.9
-3.8
-3.7
-3.6
-3.5
-3.4
-3.3
-3.2
-3.1
-3
-2.9
-2.8
-2.7
-2.6
-2.5
-2.4
-2.3
-2.2
-2.1
-2
-1.9
-1.8
-1.7
-1.6
-1.5
-1.4
-1.3
-1.2
-1.1
-1
-0.9
-0.8
-0.7
-0.6
-0.5
-0.4
-0.3
-0.2
-0.1
-0.000408562
0.1
0.2
0.3
0.4
0.5
0.6
0.7
0.8
0.9
1
1.1
1.2
1.3
1.4
1.5
1.6
1.7
1.8
1.9
2
2.1
2.2
2.3
2.4
2.5
2.6
2.7
2.8
2.9
3
3.1
3.2
3.3
3.4
3.5
3.6
3.7
3.8
3.9
4
4.1
4.2
4.3
4.4
4.5
4.6
4.7
4.8
4.9
5
5.1
5.2
5.3
5.4
5.5
5.6
5.7
5.8
5.9
6
6.1
6.2
6.3
6.4
6.5
6.6
6.7
6.8
6.9
7
7.1
7.2
7.3
7.4
7.5
7.6
7.7
7.8
7.9
8
8.1
8.2
8.3
8.4
8.5
8.6
8.7
8.8
8.9
9
9.1
9.2
9.3
9.4
9.5
9.6
9.7
9.8
9.9

8.996
8.7774
8.5588
8.3402
8.1216
7.903
7.6844
7.4658
7.2472
7.0286
6.81
6.5914
6.3728
6.1542
5.9356
5.717
5.4984
5.2798
5.0612
4.8426
4.624
4.4054
4.1868
3.9682
3.7496
3.531
3.3124
3.0938
2.8752
2.6566
2.438
2.2194
2.0008
1.7822
1.5636
1.345
1.1264
0.9078
0.6892
0.4706
0.252
0.0334
-0.1852
-0.4038
-0.6224
-0.841
-1.0596
-1.2782
-1.4968
-1.7154
-1.934
-2.1526
-2.3712
-2.5898
-2.8084
-3.027
-3.2456
-3.4642
-3.6828
-3.9014
-4.12
-4.3386
-4.5572
-4.7758
-4.9944
-5.213
-5.4316
-5.6502
-5.8688
-6.0874
-6.306
-6.5246
-6.7432
-6.9618
-7.1804
-7.399
-7.6176
-7.8362
-8.0548
-8.2734
-8.492
-8.7106
-7.6428
-7.2182
-6.7936
-6.369
-5.9444
-5.5198
-5.0952
-4.6706
-4.246
-3.8214
-3.3968
-2.9722
-2.5476
-2.123
-1.6984
-1.2738
-0.8492
-0.4246
-0.001734754
0.423915047
0.845085073
1.261322681
1.67039771
2.070049757
2.458001649
2.831973785
3.189699316
3.528940059
3.847503095
4.143257921
4.414154062
4.65823902
4.873676414
5.058764175
5.211952638
5.33186235
5.417301427
5.467282277
5.481037481
5.458034647
5.39799003
5.300880715
5.166955156
4.996741875
4.791056125
4.551004326
4.277986102
3.973693747
3.640108985
3.279496883
2.894396821
2.487610433
2.062186467
1.621402547
1.16874384
0.70787868
0.242631243
-0.223048622
-0.685118221
-1.139477307
-1.582005577
-2.008602087
-2.41522625
-2.797940038
-3.152950979
-3.476655499
-3.765682121
-4.016934018
-4.227630379
-4.395346039
-4.518048801
-4.594133881
-4.622454912
-4.602350934
-4.533668841
-4.41678076
-4.25259589
-4.042566361
-3.788686746
-3.493486888
-3.160017826
-2.791830644
-2.392948167
-1.967829543
-1.521327819
-1.058640756
-0.585255225
-0.106885635
0.370593037
0.841216927
1.299008893
1.738057155
2.152595986
2.537087361
2.886302441
3.195401658
3.460012156
3.676301309
3.841045016
3.9516895
4.006405363
4.004132724
3.944616312
3.828429543
3.656986686
3.432542419
3.158178224
2.837775261
2.475973601
2.078117889
1.650189776
1.198727684
0.730734736
0.253575928
-0.225134138
-0.697651405
-1.156228602
-1.593245616